Déchets
001,003,005,007,009,011,013,015,017,019,021,023,025,027,029,031,033,035,037,039,041,043,045,047,049,051,053,055,057,059,061,063,065,067,069,071,073,075,077,079,081,083
Solutions
085,087,089,091,093,095;085,087,089,091,093,095;
Règles
097-110

XNView
001,003,005,007,009,011,013,015,017,019,021,023,025,027,029,031,033,035,037,039,041,043,045,047,049,051,053,055,057,059,061,063,065,067,069,071,073,075,077,079,081,083
retourner
002,002,002,002,002,002,002,002,002,002,002,002,002,002,002,002,002,002,002,002,002,002,002,002,002,002,002,002,002,002,002,002,002,002,002,002,002,002,002,002,002,002

085,087,089,091,093,095
retourner
086,086,086,086,086,086

097,099,101,103,
retourner
102,100,098,104,104,104

105,107,109,105,107,109,105,107,109
retourner
110,108,106
