Déchets
001;003;002;002;005;007;002;002;009;011;002;002;013;015;002;002;017;019;002;002;021;023;002;002
025;027;002;002;029;031;002;002;033;035;002;002;037;039;002;002;041;043;002;002;045;047;002;002
049;051;002;002;053;055;002;002;057;059;002;002;061;063;002;002;065;067;002;002;069;071;002;002
073;075;002;002;077;079;002;002;081;083;002;002
Solutions
085;087;086;086;089;091;086;086;093;095;086;086
Règles
097;099;098;100;101;103;102;104
Explications; crédits
105;107;106;108;109;110;


085;087;086;086;089;091;086;086;093;095;086;086;097;099;098;100;101;103;102;104
105;107;106;108;109;110;053;055;002;002

001;003;002;002;005;007;002;002;009;011;002;002;013;015;002;002;017;019;002;002;021;023;002;002;025;027;002;002;029;031;002;002;033;035;037;002;002;039;041;002;002;043;045;002;002;047;049;002;002;051;053;002;002;055;057;002;002;059;061;002;002;063;065;002;002;067;069;002;002;071;073;002;002;075;077;079;002;002;081;083;002;002;085;087;086;086;089;091;086;086;093;095;086;086;097;099;098;100;101;103;102;104;105;107;106;108;109;110;
